=== Pi0System Deep Quantum State Analysis ===

Simulation Parameters:
Hypercube Vertices (States): 16
Time Steps: 10
Ways: 10

--- Summary Table ---
 State           Mean_Time            Std_Time      Mean_Atemporal       Std_Atemporal           Linear_Shift      Phase_Coherence  Phase_Decoherence             BH_Mean              BH_Std
     0 0.47018074337820936 0.28782140025354963 0.47018074337820936 0.29599822663249037  -0.007756876693135149  0.07139686529200556 0.9286031347079944  0.4503248457144585  0.2637184739579514
     1 0.49783172315502294 0.27891140482678417   0.497831723155023 0.29164201392709493   0.026475202284857093  0.05781370094164379 0.9421862990583562  0.6502105314802743  0.2759224901380106
     2  0.5176013307472443 0.25469647938854534  0.5176013307472442  0.2919554295429449   0.002901915139878249  0.08966548417846425 0.9103345158215358 0.35939959348740963  0.2899450592674427
     3 0.49114894080503435  0.2685094581020084 0.49114894080503435 0.29198127093458265    0.01386239328993542  0.05806078596292683 0.9419392140370731  0.6615935452397672 0.23494999976751102
     4  0.5160458230845586  0.3058381304150016  0.5160458230845587  0.3170038902095282  0.0003407911133559575  0.12088829859241405  0.879111701407586  0.4980338627219806 0.28857722270806063
     5  0.5252997446673014   0.274425821530158  0.5252997446673016  0.2956327434044401   -0.03180975663567649  0.04558154272935858 0.9544184572706415  0.3751034580142324   0.268025276329346
     6  0.4315864465125213 0.24700745697106705 0.43158644651252126  0.2660043142083929   0.007454394520928635   0.1984373257179985 0.8015626742820015 0.37299642450929194 0.16536181653151122
     7  0.5259558517447553 0.27358852942575995  0.5259558517447553  0.2819731808197667    0.01873801242397024  0.05439009625022147 0.9456099037497785  0.5863559913343993  0.2905725035556296
     8 0.45572454072064605   0.276892874632781   0.455724540720646  0.2917465316551792  -0.007343763403821336  0.08559369383325621 0.9144063061667438 0.49664302292811957   0.319304460527954
     9 0.47119038838604244 0.27094926652622736  0.4711903883860425 0.27709173586031954   0.012756122061837709  0.07256426359520561 0.9274357364047944  0.5259419457349079  0.2964287417223061
    10  0.5333294614259996  0.2815362001813946  0.5333294614259997 0.30653505955092425  -0.015794205832961893  0.10870042169285844 0.8912995783071416  0.4656635776694042  0.2593521857718397
    11  0.5539738182080254  0.2857310067420566  0.5539738182080254  0.2982194485500513 -0.0072886688118016935   0.1972640061186366 0.8027359938813634  0.5355703372667013    0.34745474012128
    12  0.4623111746946913 0.27415996423080463 0.46231117469469124  0.2891458047032206  -0.004280506123111894 0.030396875807610056 0.9696031241923899  0.4402338189621381 0.25665217891111153
    13   0.521572162283112 0.28121435948035184   0.521572162283112 0.28833533443165194  -0.018252181870417467 0.023833212257431215 0.9761667877425688 0.41684896063728427 0.23473758297388966
    14  0.5166039926954735 0.27323882638153363  0.5166039926954735  0.2940233500468398  -0.009340105903960349  0.08659886230338276 0.9134011376966172 0.45090266850328986  0.2276964804119477
    15  0.4862468246697821 0.26663505958273903  0.4862468246697821 0.27997233944304994 -0.0008709360929082329   0.0479501162719319 0.9520498837280681  0.4552350977809341 0.34125863358072706

All analyses performed in parallel by allpi0id agents.
Includes time-delineated, atemporal, linear-shifted, and phase coherence/decoherence analyses.
Black hole region (final parsec) analyzed in detail.
